replicate_ID	cfu/ml_0_min	cfu/ml_60_min	cfu/ml_120_min	cfu/ml_180_min	cfu/ml_240_min	cfu/ml_300_min	cfu/ml_360_min	cfu/ml_420_min	cfu/ml_480_min	cfu/ml_540_min	cfu/ml_600_min	pathogen	culture
Vch_01	27333333.33	68000000	80000000	93333333.33	173333333.3	333333333.3	486666666.7	553333333.3	293333333.3	560000000	1273333333	V52	monoculture
Vch_02	30000000	56666666.67	123333333.3	120000000	200000000	320000000	460000000	333333333.3	426666666.7	853333333.3	1220000000	V52	monoculture
Vch_03	54666666.67	80000000	137333333.3	313333333.3	513333333.3	673333333.3	640000000	933333333.3	733333333.3	1200000000	1000000000	V52	monoculture
E616_01	200000000	733333333.3	866666666.7	733333333.3	1066666667	1933333333	1866666667	2200000000	2933333333	3466666667	5200000000	E616	monoculture
E616_02	333333333.3	533333333.3	800000000	1000000000	2000000000	1333333333	2200000000	3066666667	3000000000	4266666667	5600000000	E616	monoculture
E616_03	266666666.7	533333333.3	866666666.7	1000000000	1866666667	2200000000	2266666667	2266666667	3000000000	4333333333	5400000000	E616	monoculture
Vch_E616_01	26000000	44666666.67	73333333.33	194666666.7	340000000	646666666.7	840000000	1186666667	1980000000	2933333333	2733333333	V52	coculture
Vch_E616_02	28666666.67	54666666.67	83333333.33	178666666.7	413333333.3	600000000	1053333333	1540000000	1860000000	2266666667	2333333333	V52	coculture
Vch_E616_03	28666666.67	42000000	74000000	190000000	326666666.7	660000000	1073333333	1446666667	1786666667	2133333333	3466666667	V52	coculture
E616_Vch_01	14000000	20000000	40000000	253333333.3	733333333.3	1066666667	933333333.3	1866666667	1933333333	2133333333	2200000000	E616	coculture
E616_Vch_02	18000000	28000000	100000000	320000000	866666666.7	1000000000	1466666667	1466666667	1666666667	2466666667	2200000000	E616	coculture
E616_Vch_03	20666666.67	28666666.67	86666666.67	273333333.3	733333333.3	866666666.7	1666666667	1533333333	1733333333	1933333333	3000000000	E616	coculture
E36_01	66666666.67	46666666.67	133333333.3	733333333.3	533333333.3	1266666667	1600000000	2266666667	2133333333	3266666667	3800000000	E36	monoculture
E36_02	26666666.67	60000000	146666666.7	400000000	1466666667	1066666667	1266666667	1666666667	1933333333	3066666667	3800000000	E36	monoculture
E36_03	33333333.33	40000000	146666666.7	466666666.7	1066666667	1466666667	1933333333	1200000000	2200000000	2333333333	3266666667	E36	monoculture
Vch_E36_01	22666666.67	36666666.67	75333333.33	213333333.3	146666666.7	173333333.3	566666666.7	1120000000	1140000000	1913333333	3066666667	V52	coculture
Vch_E36_02	38666666.67	44000000	74000000	126666666.7	115333333.3	273333333.3	560000000	1046666667	1280000000	1900000000	2866666667	V52	coculture
Vch_E36_03	31333333.33	40000000	63333333.33	133333333.3	360000000	633333333.3	653333333.3	653333333.3	1493333333	2020000000	2000000000	V52	coculture
E36_Vch_01	12000000	25333333.33	48000000	93333333.33	146666666.7	266666666.7	333333333.3	333333333.3	333333333.3	800000000	1000000000	E36	coculture
E36_Vch_02	11333333.33	24000000	55333333.33	140000000	160000000	200000000	200000000	333333333.3	466666666.7	266666666.7	533333333.3	E36	coculture
E36_Vch_03	16666666.67	24666666.67	48000000	113333333.3	166666666.7	133333333.3	266666666.7	466666666.7	466666666.7	400000000	866666666.7	E36	coculture